        50         49         48         47         46         45         44         43         42         41 
0.28456907 0.28112251 0.18703696 0.19256829 0.25904936 0.19398424 0.30067041 0.25497339 0.18788302 0.18704926 
        40         39         38         37         36         35         34         33         32         31 
0.19122571 0.20014733 0.22979854 0.23015123 0.24974515 0.34680538 0.24176682 0.27812911 0.30850427 0.30383210 
        30         29         28         27         26         25         24         23         22         21 
0.25205876 0.21420856 0.34926007 0.23865211 0.26028908 0.27882569 0.19424043 0.31678625 0.38668516 0.16482177 
        20         19         18         17         16         15         14         13         12         11 
0.16964879 0.14492334 0.17121271 0.21598058 0.24652663 0.25311115 0.29371813 0.33707430 0.13171793 0.04514192 
        10          9          8          7          6          5          4          3          2 
0.11731177 0.07890634 0.09010991 0.14789712 0.24726317 0.18847092 0.02983300 0.13365102 0.30905755 
